0,388
0,385
0,575
0,574
0,573
0,572
0,571
0,570
0,569
0,568
0,567
0,319
0,566
0,565
0,564
0,563
0,562
0,561
0,560
0,559
0,558
207,2
0,557
0,473
0,556
0,555
0,453
0,554
0,553
0,552
0,551
0,550
207,5
0,549
0,243
0,386
205,2
0,548
211,2
0,547
0,546
0,545
0,544
0,481
199,2
200,2
207,4
209,5
209,4
209,1
209,3
207,1
207,3
205,5
211,4
200,5
199,4
199,1
199,3
200,4
200,1
200,3
211,5
211,1
211,3
205,4
205,1
205,3
204,2
204,6
204,5
204,4
204,1
204,3
212,1
212,3
214,35
10,270
10,114
10,296
10,254
10,94
10,6
10,2
10,3
11,10
11,26
11,15
11,14
11,16
11,6
11,2
11,3
8,14
8,10
8,7
0,445
185,7
185,6
185,5
185,4
185,3
185,2
185,1
185,0
157,5
157,4
157,3
157,1
152,6
152,5
152,4
152,3
152,2
152,1
132,5
132,4
132,3
132,1
125,5
125,3
125,1
124,5
124,4
124,3
124,2
124,1
123,4
123,3
123,2
123,1
120,3
